index,0,1,2
26457,0.005077804958597557,0.16595580752495923,0.8289663875164432
26458,0.05903819607432059,0.1631300047814552,0.7778317991442243
26459,0.017263915074749225,0.12144963133181172,0.8612864535934391
26460,0.09219350370201157,0.15425948711040122,0.7535470091875871
26461,0.04457460974231049,0.27141997893740727,0.6840054113202821
26462,0.03583892332613327,0.1509913137776801,0.8131697628961866
26463,0.4065965717384758,0.5914040427135722,0.0019993855479520095
26464,0.018246931294323573,0.10091010273950458,0.8808429659661717
26465,0.029626340750811605,0.1305984507939164,0.8397752084552721
26466,0.012697302819857093,0.24531051708430196,0.7419921800958409
26467,0.008219946183847202,0.2132977342425688,0.7784823195735839
26468,0.1041277265346641,0.20776001196102456,0.6881122615043114
26469,0.26673097448233835,0.20440146562939124,0.5288675598882704
26470,0.006236374744065613,0.2532524834011398,0.7405111418547944
26471,0.014007790643280785,0.2046523706904111,0.7813398386663082
26472,0.014694895748643919,0.19781184564242815,0.7874932586089278
26473,0.00913661510945571,0.11484134389251179,0.8760220409980325
26474,0.11091625679845901,0.8864071346529212,0.0026766085486196875
26475,0.07200464053438396,0.4809300575313901,0.44706530193422594
26476,0.009857277605257403,0.22246091575153132,0.7676818066432113
26477,0.06032903060966834,0.2737420607345187,0.665928908655813
26478,0.07969205560205617,0.2372149867273401,0.6830929576706036
26479,0.07467196970357723,0.15889580775075807,0.7664322225456648
26480,0.0338492632525085,0.12395852419001188,0.8421922125574796
26481,0.14108938671850974,0.37051269153397853,0.4883979217475117
26482,0.16137386387483274,0.14805574817480502,0.6905703879503623
26483,0.09675667882964249,0.24842601857390784,0.6548173025964497
26484,0.029638012502248207,0.24132990652389258,0.7290320809738592
26485,0.011095834608417197,0.04929585837309938,0.9396083070184834
26486,0.01954562976797067,0.2780932050456604,0.702361165186369
26487,0.05384161382683321,0.15292089884397372,0.793237487329193
26488,0.3770475219077052,0.616791224993921,0.006161253098373732
26489,0.009199864434328409,0.32381558636423646,0.6669845492014352
26490,0.009737615504666387,0.2501662924085938,0.7400960920867399
26491,0.030378782420507136,0.07330413012690708,0.8963170874525858
26492,0.032265007572432274,0.20827492184610324,0.7594600705814646
26493,0.0999931152242621,0.8988605972352032,0.0011462875405348358
26494,0.017305529393120415,0.22029724888754315,0.7623972217193363
26495,0.007918018962852758,0.15724622000405541,0.8348357610330919
26496,0.020232852177737327,0.24312627081315202,0.7366408770091106
26497,0.023581414100661235,0.7442987433826891,0.23211984251664966
26498,0.05679018930916473,0.6008553904708541,0.3423544202199811
26499,0.009172490925535274,0.1714977691748143,0.8193297398996503
26500,0.06730702595927877,0.4611504722302313,0.47154250181048984
26501,0.08007221524331647,0.18456201942298384,0.7353657653336998
26502,0.05463390923599458,0.11918584867068358,0.8261802420933219
26503,0.10679215647363408,0.4481345803826803,0.44507326314368567
26504,0.03361178269872756,0.3633678663851097,0.6030203509161627
26505,0.055685789923817966,0.0850610781610118,0.8592531319151702
26506,0.07819616164808887,0.9177577434009807,0.004046094950930403
26507,0.02890575858530014,0.9693020341047599,0.00179220730993997
26508,0.012321912130328835,0.5445956458311175,0.44308244203855357
26509,0.08112320534996603,0.17161127631849482,0.7472655183315392
26510,0.013400499979708106,0.30493875314625196,0.6816607468740399
26511,0.025136713443599083,0.1242367103346323,0.8506265762217686
26512,0.008412521083679831,0.16885432048024276,0.8227331584360774
26513,0.015590241457733965,0.42728326789650367,0.5571264906457624
26514,0.021042377669750846,0.0782047667778343,0.9007528555524148
26515,0.11854375669399717,0.12492033737577926,0.7565359059302237
26516,0.009785137831984668,0.28384825289799565,0.7063666092700197
26517,0.06514533576636773,0.9330420447208403,0.0018126195127921385
26518,0.075339038248813,0.10213147387249513,0.822529487878692
26519,0.13655141028940507,0.2100177821086636,0.6534308076019313
26520,0.008836571156386933,0.7559583907842786,0.23520503805933435
26521,0.02902839116528849,0.2623187571442873,0.7086528516904241
26522,0.034150253516103846,0.35879411749390416,0.607055628989992
26523,0.01554559233629977,0.18449923052678902,0.7999551771369111
26524,0.0042236456904054375,0.149451762658494,0.8463245916511005
26525,0.024780595989182506,0.3305888394829126,0.6446305645279049
26526,0.01085540688806508,0.16643554803499305,0.8227090450769419
26527,0.028487554149932405,0.27617454182974144,0.6953379040203262
26528,0.1727312560620273,0.8252256925174583,0.0020430514205144693
26529,0.06358786722525649,0.07278169241124058,0.8636304403635029
26530,0.003696175752778933,0.20560296339743336,0.7907008608497877
26531,0.08211969263104543,0.2942277117980803,0.6236525955708742
26532,0.019521717157855133,0.1642881889242495,0.8161900939178954
26533,0.06889592934534094,0.15736983464562374,0.7737342360090353
26534,0.044292825063753906,0.09559554439184682,0.8601116305443992
26535,0.039058480790066095,0.13787833306539482,0.823063186144539
26536,0.028290323881835014,0.15045565090880902,0.821254025209356
26537,0.009614082247423812,0.07425756631196598,0.9161283514406102
26538,0.010293722370190972,0.35094589481849436,0.6387603828113148
26539,0.01079080548389681,0.11790596541032519,0.871303229105778
26540,0.019693899590520016,0.3593410410422163,0.6209650593672636
26541,0.009720386686851351,0.21505011353556802,0.7752294997775806
26542,0.0076960215649491326,0.17378496712328276,0.8185190113117682
26543,0.15449071197672773,0.22614114051350268,0.6193681475097697
26544,0.11379071423570616,0.2575151858598021,0.6286940999044919
26545,0.04079376930478729,0.5540230352219784,0.4051831954732344
26546,0.011764694278756212,0.30263434145740203,0.6856009642638417
26547,0.06967590251308131,0.11818523578704468,0.8121388616998739
26548,0.12376884324037553,0.18184039755038672,0.6943907592092377
26549,0.071832064047971,0.9269708388816644,0.0011970970703645972
26550,0.009968871268057991,0.16870793252126715,0.8213231962106748
26551,0.015103340312703545,0.19638848842641526,0.7885081712608811
26552,0.023744708276774544,0.28041964267912206,0.6958356490441034
26553,0.06788259232742572,0.14286985884794928,0.7892475488246249
26554,0.049048068498839845,0.47702061050688604,0.4739313209942741
26555,0.0447061234018103,0.21551470535022973,0.7397791712479598
26556,0.04622577771963893,0.3183300059838406,0.6354442162965204
26557,0.05827082687317531,0.16296240288102032,0.7787667702458042
26558,0.1444634735720806,0.19023837254146878,0.6652981538864506
26559,0.057651185343796846,0.08879427163035983,0.8535545430258434
26560,0.03923017933116005,0.2945645067098237,0.6662053139590163
26561,0.009023703168461268,0.27950565551938217,0.7114706413121565
26562,0.0375420542055206,0.13856578883831525,0.8238921569561641
26563,0.010362352379518002,0.10999009127835764,0.8796475563421243
26564,0.06534996495741868,0.19526722409469596,0.7393828109478854
26565,0.0396952186659095,0.43825920351614217,0.5220455778179484
26566,0.011657459391858811,0.22699063535145253,0.7613519052566887
26567,0.006270772750366256,0.14471288708877822,0.8490163401608557
26568,0.2597893250812487,0.7375040447583127,0.0027066301604386864
26569,0.008661740972241018,0.11110875700090997,0.8802295020268491
26570,0.019829011142791383,0.33840395963821435,0.6417670292189943
26571,0.05020492039976839,0.1333474508038023,0.8164476287964293
26572,0.016954715865283396,0.42312678411388216,0.5599185000208344
26573,0.12705256273184432,0.18390707168683476,0.6890403655813209
26574,0.0321940333855889,0.12590705101533994,0.8418989155990712
26575,0.2163503310644252,0.1347824751307885,0.6488671938047863
26576,0.038334988056599274,0.11023938139737446,0.8514256305460262
26577,0.020505941934738578,0.09082571146020356,0.8886683466050578
26578,0.01993428304930863,0.425481602160006,0.5545841147906854
26579,0.08717329176038324,0.9106045332605136,0.0022221749791033153
26580,0.04298104127324832,0.21995107222669993,0.7370678865000517
26581,0.06072588426094257,0.3074927867805073,0.6317813289585502
26582,0.04383735041843022,0.19912209459757718,0.7570405549839926
26583,0.0169324897531408,0.10183876556468108,0.8812287446821782
26584,0.005562367954469054,0.21066368116790718,0.7837739508776238
26585,0.040837298177864384,0.4083362297425567,0.550826472079579
26586,0.08546235606793001,0.33927016934173404,0.5752674745903359
26587,0.060479828279717124,0.4337647005862879,0.505755471133995
26588,0.006625177625819707,0.11181197660958672,0.8815628457645935
26589,0.021695211346619937,0.14538034023323188,0.8329244484201481
26590,0.09537868551922705,0.40869844067636624,0.4959228738044067
26591,0.12497729506148678,0.8717725897382604,0.0032501152002528794
26592,0.13105238077434664,0.08899000952215486,0.7799576097034984
26593,0.020564052117217384,0.25210934218429204,0.7273266056984906
26594,0.012058846784135413,0.24023577373223534,0.7477053794836293
26595,0.009711098672683834,0.11806125193520726,0.8722276493921091
26596,0.016503143229030494,0.162483863684912,0.8210129930860576
26597,0.017265733538450477,0.48469566431757805,0.49803860214397144
26598,0.011777453830304555,0.19830855179031714,0.7899139943793784
26599,0.019278552583528313,0.1510675780626398,0.8296538693538318
26600,0.03149830608517647,0.33027455847227916,0.6382271354425443
26601,0.01271498875737894,0.2071013765245236,0.7801836347180975
26602,0.009666746274794918,0.12680098988457542,0.8635322638406295
26603,0.011097707377589729,0.07838982686768117,0.9105124657547292
26604,0.006936849264183798,0.17236669183944156,0.8206964588963747
26605,0.007501930293789395,0.1618729886960539,0.8306250810101566
26606,0.07963300597876873,0.32381363587068124,0.59655335815055
26607,0.07770987306955222,0.9181383171721376,0.004151809758310257
26608,0.00988411876216153,0.25856733620253747,0.731548545035301
26609,0.04362349607868257,0.16187808601582152,0.7944984179054959
26610,0.11320145441426605,0.8767474265228821,0.010051119062851794
26611,0.09706861994892109,0.256178207677803,0.6467531723732759
26612,0.0523047125669549,0.5174636958834038,0.4302315915496413
26613,0.07072048409187637,0.24769250484061067,0.6815870110675131
26614,0.011141134782003403,0.17044125830284146,0.8184176069151551
26615,0.044093965802673545,0.21212208028810264,0.7437839539092239
26616,0.1553215574620321,0.10266978653439993,0.7420086560035679
26617,0.07625600356436629,0.1321140846518783,0.7916299117837555
26618,0.025531311708513655,0.15609794951580433,0.8183707387756819
26619,0.08608257521671986,0.2790082470387786,0.6349091777445015
26620,0.032512803874103886,0.9640892059673559,0.0033979901585401736
26621,0.1294840643568543,0.17487338716825626,0.6956425484748895
26622,0.02553766472787272,0.5550349879000517,0.4194273473720757
26623,0.011540930881549342,0.5591248058550056,0.42933426326344504
26624,0.009115176464327163,0.1819336304952207,0.808951193040452
26625,0.10874963654867033,0.2883207946064466,0.602929568844883
26626,0.02967700499481905,0.16238253902844182,0.8079404559767389
26627,0.014744701494536543,0.16531593088553773,0.8199393676199257
26628,0.020822550652746047,0.25738700591992436,0.7217904434273296
26629,0.043625781075838165,0.1117913887533166,0.8445828301708452
26630,0.008178148351604754,0.1588671646933159,0.8329546869550793
26631,0.12550201850039827,0.09750413998083113,0.7769938415187706
26632,0.14318762597887488,0.1751406672048443,0.6816717068162809
26633,0.04063493399454983,0.13201066334291323,0.8273544026625369
26634,0.028851033444095026,0.08123390455219046,0.8899150620037145
26635,0.045201109514111035,0.24492002697551724,0.7098788635103717
26636,0.012802097810368522,0.2845583822102622,0.7026395199793692
26637,0.011041363285268193,0.11492646895606842,0.8740321677586634
26638,0.05887919236676284,0.6013159434577457,0.3398048641754914
26639,0.02653727634554298,0.7548562966405359,0.21860642701392094
26640,0.016866707384603875,0.13389987028856692,0.8492334223268293
26641,0.12824407347812863,0.6482713504652193,0.22348457605665203
26642,0.02416497032152109,0.2550749349874959,0.7207600946909829
26643,0.00907473902598475,0.2373071728402026,0.7536180881338127
26644,0.011917322162253987,0.07351762387379464,0.9145650539639513
26645,0.022802860486157137,0.1921308970665512,0.7850662424472916
26646,0.19481251189896387,0.15571609514457824,0.6494713929564578
26647,0.0907457612022708,0.208432682384804,0.7008215564129252
26648,0.04104855894283749,0.2839788197129935,0.6749726213441689
26649,0.04428531913013932,0.20606544962169937,0.7496492312481612
26650,0.12077070649227234,0.8745204896521058,0.004708803855621778
26651,0.10677730422844035,0.8833258022601731,0.009896893511386564
26652,0.15309462936274723,0.16086209750401645,0.6860432731332364
26653,0.05626967838793625,0.16199253890667112,0.7817377827053925
26654,0.011895668768166187,0.5315787168169266,0.45652561441490724
26655,0.019487235642696138,0.24609109108733696,0.734421673269967
26656,0.031675167422778976,0.30915695957171846,0.6591678730055025
26657,0.05728989519183174,0.10556093842326593,0.8371491663849023
26658,0.011785780973063273,0.2053639731775586,0.782850245849378
26659,0.09071774693931584,0.25106353136753307,0.6582187216931511
26660,0.019458781518743702,0.24500350100033302,0.7355377174809233
26661,0.025901349916871975,0.11228694674766874,0.8618117033354593
26662,0.005608243088212003,0.11738551459005579,0.8770062423217323
26663,0.017171024458737298,0.30095024526060415,0.6818787302806586
26664,0.07542744357679279,0.25653797363551806,0.6680345827876891
26665,0.052736862429294096,0.3219524918053615,0.6253106457653445
26666,0.011314739173407617,0.41946293857353123,0.5692223222530611
26667,0.005507559405733489,0.16221190818955075,0.8322805324047158
26668,0.037495765154632266,0.4449291974555267,0.517575037389841
26669,0.02216317725470952,0.31663751831031545,0.6611993044349751
26670,0.011601819552624256,0.22167273740212878,0.766725443045247
26671,0.01701612047881239,0.12186554258567624,0.8611183369355113
26672,0.023298425670545284,0.1888273670894735,0.7878742072399813
26673,0.1684929175533063,0.2834749795774304,0.5480321028692632
26674,0.15113873488626495,0.14304890952992352,0.7058123555838116
26675,0.027856417970994914,0.20477479317731118,0.7673687888516938
26676,0.06712319505221909,0.17950781974316043,0.7533689852046205
26677,0.04111197850613363,0.07115696341408272,0.8877310580797837
26678,0.012067977641795303,0.3264631922325581,0.6614688301256465
26679,0.1862863670199452,0.23058506519670918,0.5831285677833457
26680,0.012680788985160417,0.30354993809193737,0.6837692729229021
26681,0.022463465166526014,0.33454734439402367,0.6429891904394502
26682,0.010827798586380385,0.2007387196669705,0.7884334817466491
26683,0.03910506329428382,0.39535876947723825,0.565536167228478
26684,0.01669497155334727,0.15014878846976382,0.8331562399768888
26685,0.05915709251280066,0.2000416220885603,0.7408012853986391
26686,0.012296358398230041,0.1961579591654491,0.791545682436321
26687,0.018580435607955147,0.1844902510995062,0.7969293132925387
26688,0.030174287940216385,0.5064147676027584,0.46341094445702513
26689,0.04864309667279628,0.17309286679219218,0.7782640365350116
26690,0.020860207667501202,0.1434549087376364,0.8356848835948624
26691,0.019221452419513695,0.16782360515375533,0.8129549424267308
26692,0.014425911107715982,0.2846341387294063,0.7009399501628777
26693,0.10121269297215855,0.21696719065712616,0.6818201163707153
26694,0.3335052504062714,0.6619580019805228,0.004536747613205892
26695,0.018776686612068806,0.1183141434412571,0.862909169946674
26696,0.00865130270080325,0.10564923131280307,0.8856994659863936
26697,0.022365346075691857,0.08608467056862291,0.8915499833556852
26698,0.009738057228873151,0.08385609696824038,0.9064058458028864
26699,0.015678993857703757,0.408684913295411,0.5756360928468852
26700,0.020443550212421762,0.30264061163335526,0.6769158381542231
26701,0.2047809137633646,0.2777396707101429,0.5174794155264925
26702,0.024591771939595886,0.3519937821875445,0.6234144458728597
26703,0.03081134995205674,0.21355147575543565,0.7556371742925075
26704,0.03176197108325239,0.1647663673959415,0.8034716615208061
26705,0.013168099273679573,0.12513478901232994,0.8616971117139905
26706,0.017466945929235887,0.15268162003881092,0.8298514340319533
26707,0.11223412054010865,0.21779353966253232,0.6699723397973589
26708,0.006426733390474231,0.19150420158811043,0.8020690650214153
26709,0.043336334160008975,0.07783331751874964,0.8788303483212415
26710,0.02437865611447054,0.2678238171927294,0.7077975266928
26711,0.02991848628118461,0.1757081326605264,0.7943733810582888
26712,0.03091813972067419,0.11142893828528475,0.8576529219940411
26713,0.02990865629977365,0.3763204977352833,0.593770845964943
26714,0.022052318986011468,0.2922746894659895,0.6856729915479991
26715,0.03593946386441176,0.19348891453296288,0.7705716216026253
26716,0.04185422241720562,0.7797582965625321,0.1783874810202621
26717,0.025788024352506718,0.1917345611353128,0.7824774145121804
26718,0.02692948982411338,0.18581215608982218,0.7872583540860645
26719,0.05605830906339799,0.28287998000459424,0.6610617109320077
26720,0.03152437508518012,0.16618224832901266,0.8022933765858071
26721,0.009223891506713875,0.22170561598445485,0.7690704925088313
26722,0.042639032904962786,0.14976729949137296,0.8075936676036641
26723,0.02508620949460718,0.23597011536632242,0.7389436751390703
26724,0.19926923877059463,0.4623371537314649,0.33839360749794045
26725,0.0033645347378721026,0.16337232853441713,0.8332631367277108
26726,0.027368071727277486,0.4589945566973172,0.5136373715754052
26727,0.018443477943964556,0.11828278633303811,0.8632737357229973
26728,0.012475931667171508,0.2583670977592153,0.7291569705736131
26729,0.030284945627450884,0.2922294283834547,0.6774856259890945
26730,0.08635740958141164,0.4983726363394744,0.41526995407911393
26731,0.038668348501358904,0.10974086593349039,0.8515907855651506
26732,0.0803558122571061,0.9173026370411815,0.002341550701712339
26733,0.037212972106919706,0.06616023994143763,0.8966267879516427
26734,0.006715288746118029,0.13065423508833504,0.862630476165547
26735,0.013418046093926737,0.152208479686041,0.8343734742200324
26736,0.01761958061104747,0.1225855885418271,0.8597948308471255
26737,0.062194303635688564,0.2971050843876872,0.6407006119766243
26738,0.008321406529826077,0.13043589451837034,0.8612426989518035
26739,0.06615048804006463,0.13708830749835224,0.796761204461583
26740,0.015005724688755478,0.2258663820708997,0.7591278932403449
26741,0.0951730822496169,0.9009568333823388,0.0038700843680442884
26742,0.015136099137773876,0.5600545420158534,0.42480935884637266
26743,0.017879737673289472,0.1440668752144482,0.8380533871122624
26744,0.024657966882512383,0.3322968625464289,0.6430451705710587
26745,0.009779206135129689,0.13173804127102204,0.8584827525938483
26746,0.04071183533628643,0.5749439602002064,0.3843442044635071
26747,0.026374174121129565,0.5345102231786467,0.4391156027002237
26748,0.05462055201765213,0.369706655187308,0.5756727927950397
26749,0.0201481804670643,0.21172171912656007,0.7681301004063756
26750,0.05435091521060255,0.1860725217151423,0.7595765630742551
26751,0.033837765760828496,0.18613541785215856,0.780026816387013
26752,0.03381803672426616,0.6126720951956814,0.3535098680800524
26753,0.019653589110915352,0.1682775984965903,0.8120688123924943
26754,0.03622432137811938,0.08686341525029788,0.8769122633715828
26755,0.018844653464830687,0.19338073898648953,0.7877746075486797
26756,0.04338604937697544,0.16897901566274573,0.7876349349602788
26757,0.07852299387221813,0.14395585072352382,0.777521155404258
26758,0.07242811991208883,0.33078890422263935,0.5967829758652718
26759,0.11167676390772674,0.3127646076443033,0.5755586284479699
26760,0.05566507417710628,0.5911931313083325,0.3531417945145612
26761,0.0228827757304328,0.14057841654854747,0.8365388077210196
26762,0.011546761275626398,0.14911453644475894,0.8393387022796148
26763,0.01554439121186783,0.5091598638479679,0.4752957449401643
26764,0.032887557715000515,0.3396619852816058,0.6274504570033937
26765,0.029146374304326546,0.22284529908385517,0.7480083266118184
26766,0.007372752893743554,0.5957302848024633,0.39689696230379323
26767,0.04492805975608303,0.18047217218665534,0.7745997680572616
26768,0.13780034136586816,0.8603622745562225,0.0018373840779093735
26769,0.020561642628689085,0.2974846628521979,0.681953694519113
26770,0.04724030967322217,0.5164267628849402,0.4363329274418377
26771,0.10612145698622173,0.8891017221595227,0.0047768208542558295
26772,0.09148933842450616,0.10742635245054047,0.8010843091249534
26773,0.03300393618296356,0.08148819182377595,0.8855078719932606
26774,0.0364973515462095,0.2502118333032031,0.7132908151505875
26775,0.01892358716777761,0.3302119664439481,0.6508644463882743
26776,0.07233398248855918,0.1555212987961171,0.7721447187153238
26777,0.16117352814447805,0.02942727638004811,0.8093991954754738
26778,0.057975057488145104,0.24499379553865272,0.6970311469732021
26779,0.03106561448632489,0.08436092695927484,0.8845734585544003
26780,0.08030783570915745,0.23736437939265975,0.6823277848981828
26781,0.06686149929035784,0.191276659022234,0.7418618416874082
26782,0.030051944552367836,0.09329894508847605,0.876649110359156
26783,0.06295169719381821,0.33568745464040717,0.6013608481657746
26784,0.0441350729040615,0.48430759264264317,0.47155733445329545
26785,0.0206262101941149,0.2183941075778982,0.760979682227987
26786,0.21755376091149345,0.21745702993848035,0.5649892091500262
26787,0.06555508843137685,0.1606545750597635,0.7737903365088596
26788,0.022832853533508366,0.43515028487194024,0.5420168615945514
26789,0.03305047702561043,0.34403395981843243,0.6229155631559572
26790,0.03055708829876041,0.3330373913142901,0.6364055203869494
26791,0.03099796671134923,0.09698736848220456,0.8720146648064462
26792,0.024834730953946848,0.23547139066661743,0.7396938783794357
26793,0.023786638175120403,0.20583049397582406,0.7703828678490554
26794,0.032272084017618,0.1468440317905512,0.8208838841918308
26795,0.024857685084301858,0.19398123590759445,0.7811610790081037
26796,0.0577638884339061,0.9407516319012791,0.0014844796648147208
26797,0.035828184371954425,0.40242163766647143,0.5617501779615741
26798,0.1962153514842958,0.2287454794176632,0.5750391690980409
26799,0.011251761623297179,0.23832844635608505,0.7504197920206178
26800,0.021590127653202493,0.9770211869117726,0.0013886854350246953
26801,0.034671987297448685,0.42923329472900745,0.5360947179735439
26802,0.021680053834502302,0.18550988205061875,0.792810064114879
26803,0.005000983462423274,0.11076880130348724,0.8842302152340894
26804,0.017985321274282744,0.35454211334855434,0.6274725653771629
26805,0.0016016381331064957,0.0753236701000836,0.9230746917668099
26806,0.011073902026778137,0.24366733638354326,0.7452587615896785
26807,0.060029624819168334,0.18902183163217023,0.7509485435486615
26808,0.02802922018404748,0.5067415069108441,0.46522927290510846
26809,0.05400156688850595,0.29269921243140024,0.6532992206800938
26810,0.004973101305992592,0.1445997111710963,0.850427187522911
26811,0.004396501171207834,0.11742826883101817,0.8781752299977741
26812,0.00419910117897453,0.1259827422212368,0.8698181565997887
26813,0.027363661318305803,0.29221106634589356,0.6804252723358006
26814,0.024738629751268035,0.12138321874624283,0.8538781515024891
26815,0.013452452386448792,0.2749154441948582,0.7116321034186931
26816,0.01754891042810659,0.34339197346814176,0.6390591161037515
26817,0.06205036819672083,0.05070184311907482,0.8872477886842043
26818,0.12887708068668527,0.19497815264855195,0.6761447666647628
26819,0.021320992776437182,0.2608688610770201,0.7178101461465426
26820,0.15617000994084262,0.8401380290748455,0.0036919609843118735
26821,0.05610563358159837,0.9422004811950888,0.0016938852233127732
26822,0.034386378024277624,0.21598774889844935,0.7496258730772731
26823,0.024747083236966935,0.16686921166669066,0.8083837050963424
26824,0.04095330053965722,0.3113663821650565,0.6476803172952863
26825,0.01670151588207941,0.13357714115878294,0.8497213429591376
26826,0.023693406073781058,0.10793749084953698,0.868369103076682
26827,0.05743700174890391,0.38380237810059,0.5587606201505061
26828,0.01641491881675758,0.1287131655215456,0.8548719156616967
26829,0.007422939482294236,0.12348729416176257,0.8690897663559431
26830,0.09117616925762712,0.23680910874161964,0.6720147220007531
26831,0.09469647605612633,0.1384316732913382,0.7668718506525355
26832,0.004642024340762161,0.047981260164614334,0.9473767154946234
26833,0.016146566465397378,0.18885717506419664,0.7949962584704059
26834,0.009936205326205119,0.15475006382045245,0.8353137308533424
26835,0.1568617498201152,0.21948251597316826,0.6236557342067165
26836,0.027802768409607864,0.588865311106702,0.38333192048369014
26837,0.013057312430825271,0.06892774746983149,0.9180149400993434
26838,0.17911870458995316,0.3897133106897339,0.431167984720313
26839,0.215035317604242,0.2732024580078258,0.5117622243879322
26840,0.03482731870256841,0.391991529875026,0.5731811514224056
26841,0.015453319298255282,0.14755499744788841,0.8369916832538563
26842,0.004728442284459058,0.13706114954677237,0.8582104081687686
26843,0.017634580426022808,0.14742433094301563,0.8349410886309615
26844,0.03468865170437427,0.800408334758359,0.1649030135372668
26845,0.21912499908331712,0.17681842283981977,0.604056578076863
26846,0.02074138144959136,0.18983802364209043,0.7894205949083181
26847,0.018855638984316886,0.3157693701231275,0.6653749908925557
26848,0.02796002306501251,0.1376240979156631,0.8344158790193246
26849,0.031030695213903194,0.15516584024081462,0.8138034645452822
26850,0.01693311219689471,0.2699068469703916,0.7131600408327136
26851,0.016688552273810546,0.3399549570690636,0.6433564906571259
26852,0.03415093142581335,0.47357288099360295,0.4922761875805837
26853,0.01720154799341071,0.16593232972252528,0.8168661222840639
26854,0.016304022293868507,0.9822771873478788,0.0014187903582527357
26855,0.03465974687560577,0.569710466963483,0.3956297861609112
26856,0.03236452210041123,0.14613425018374512,0.8215012277158437
26857,0.040819279294717806,0.27440297129803864,0.6847777494072436
26858,0.01113419149425605,0.7677739149999718,0.22109189350577207
26859,0.010920295952635183,0.6816268373925131,0.30745286665485183
26860,0.013752927191658458,0.7947184185028062,0.19152865430553537
26861,0.041275999153869335,0.33911179969839955,0.6196122011477311
26862,0.008830943879620058,0.23356809738488823,0.7576009587354917
26863,0.03715910910465562,0.12532427971415658,0.8375166111811879
26864,0.07078503961190123,0.37265791730480224,0.5565570430832965
26865,0.022450336460272544,0.07036166636145848,0.907187997178269
26866,0.02603066397605592,0.18420778860023138,0.7897615474237127
26867,0.06099964524745847,0.14176400249517754,0.797236352257364
26868,0.030393802847880243,0.1213136820748634,0.8482925150772563
26869,0.016184170703534527,0.013143709805905169,0.9706721194905602
26870,0.0393398117249916,0.5704567977774505,0.3902033904975579
26871,0.013384482697009729,0.16856717358191622,0.818048343721074
26872,0.02271587738678093,0.22698907404247148,0.7502950485707476
26873,0.01683958750771708,0.3525388713388152,0.6306215411534677
26874,0.07468563826623335,0.22492635609387784,0.7003880056398889
26875,0.024917311683056047,0.3844521203163861,0.5906305680005579
26876,0.004275773469173516,0.07285896973908759,0.9228652567917389
26877,0.12577912112649603,0.12116349143617104,0.753057387437333
26878,0.10689668462299179,0.23740516475694218,0.6556981506200661
26879,0.048559376167572665,0.26170497027126755,0.6897356535611598
26880,0.021367216179531114,0.11668954989853726,0.8619432339219317
26881,0.023236132243592073,0.3108605653455715,0.6659033024108364
26882,0.11882723529660025,0.19866347067580256,0.6825092940275972
26883,0.04125703324082423,0.24556474752243837,0.7131782192367374
26884,0.06051362329643466,0.3916468251590544,0.547839551544511
26885,0.051456042316397756,0.13075211014388366,0.8177918475397186
26886,0.015026531775408029,0.17612677448774108,0.8088466937368509
26887,0.007124382974053172,0.08583155113146508,0.9070440658944818
26888,0.036897800471937144,0.439208342738009,0.5238938567900537
26889,0.02323835714963237,0.19471560262071996,0.7820460402296476
26890,0.021342193242935965,0.3092951680612076,0.6693626386958564
26891,0.027879694179470463,0.3852451985878672,0.5868751072326623
26892,0.25857967325204967,0.2136389368856294,0.5277813898623209
26893,0.006675688405400126,0.1601387382497402,0.8331855733448597
26894,0.008005161130642494,0.13680272795522738,0.8551921109141303
26895,0.03712980629238396,0.35753223247577837,0.6053379612318376
26896,0.012834813107872219,0.17796570445545123,0.8091994824366766
26897,0.013558233488148908,0.4713237445669607,0.5151180219448903
26898,0.014744993999741305,0.18500963992401506,0.8002453660762437
26899,0.04528294730773377,0.2543083737919946,0.7004086789002716
26900,0.07159911703682721,0.33388866245757387,0.5945122205055989
26901,0.018138461250140053,0.23597800967427315,0.7458835290755866
26902,0.009270909614154754,0.04994298521453758,0.9407861051713077
26903,0.07255652286060586,0.23739927031116265,0.6900442068282314
26904,0.2262757201996568,0.7619280596940257,0.01179622010631746
26905,0.01653204301476096,0.29082637786208965,0.6926415791231494
26906,0.0039847776599830475,0.04003799186045829,0.9559772304795587
26907,0.0075999997910455325,0.06562009258216008,0.9267799076267944
26908,0.01458969759076703,0.35614324150579646,0.6292670609034365
26909,0.033564198979497244,0.3800204975312054,0.5864153034892974
26910,0.014934580449405013,0.23021546316823016,0.7548499563823647
26911,0.016812538984879413,0.24686577480453592,0.7363216862105846
26912,0.023184437359840743,0.13650204876201308,0.8403135138781463
26913,0.20356506167230695,0.20920724521267048,0.5872276931150225
26914,0.010410830913992933,0.16398244284859784,0.8256067262374092
26915,0.016004971335296696,0.09156274337229948,0.8924322852924038
26916,0.08840966863435988,0.9104631397270445,0.001127191638595478
26917,0.07832487689450059,0.16558225984344394,0.7560928632620554
26918,0.04484307453310135,0.10730975708189396,0.8478471683850047
26919,0.09642450046122784,0.38872612002060586,0.5148493795181663
26920,0.031170479887468128,0.440786900815196,0.5280426192973359
26921,0.02860094514049317,0.5478190380355136,0.4235800168239932
26922,0.027869743291141565,0.7091206498472615,0.2630096068615969
26923,0.0120991649155125,0.10563401213124887,0.8822668229532384
26924,0.00951104086783234,0.0805454125721634,0.9099435465600042
26925,0.017148583648245896,0.09419229975588525,0.8886591165958688
26926,0.17126725646978835,0.2596071580719595,0.5691255854582521
26927,0.019958455737607496,0.2832860882806767,0.6967554559817158
26928,0.021389589610469655,0.9767715629338598,0.0018388474556706236
26929,0.02972530633614494,0.2545043415800756,0.7157703520837794
26930,0.024925370305248412,0.42940467722435777,0.5456699524703938
26931,0.04685080781409031,0.9501024571004828,0.00304673508542687
26932,0.03225901939039537,0.3582559096829019,0.6094850709267028
26933,0.3100941525355473,0.1281063344966631,0.5617995129677896
26934,0.04779035481963053,0.21145624124094908,0.7407534039394204
26935,0.044771738743088665,0.19499945642966302,0.7602288048272483
26936,0.020602258491733763,0.21919228675077693,0.7602054547574894
26937,0.028081113786266175,0.2915364273579214,0.6803824588558125
26938,0.3570513014426046,0.6358165421473404,0.0071321564100550044
26939,0.06586558714979013,0.9227678472305537,0.011366565619656134
26940,0.012973424519779337,0.178302097707342,0.8087244777728788
26941,0.102290307796408,0.14676408605258223,0.7509456061510097
26942,0.011106987985988644,0.17991745326257622,0.8089755587514351
26943,0.029262766203385446,0.5103048004289061,0.46043243336770845
26944,0.021940858980939025,0.06532613594478473,0.9127330050742762
26945,0.010460107572036215,0.38231195484783365,0.6072279375801302
26946,0.03527419502812047,0.1873103162976428,0.7774154886742368
26947,0.008086066655608626,0.1556178262223161,0.8362961071220754
26948,0.056569916257868426,0.2933499048301529,0.6500801789119788
26949,0.17186676342058074,0.20782036238957285,0.6203128741898464
26950,0.07925883265156379,0.18987770800309833,0.730863459345338
26951,0.38543546092410674,0.4225450411888781,0.19201949788701514
26952,0.04682029084179016,0.28587903585524405,0.6673006733029657
26953,0.04485260968459279,0.07267732283768535,0.8824700674777219
26954,0.007466671898471628,0.21192955569857008,0.7806037724029583
26955,0.019856904534266258,0.28509613039016135,0.6950469650755725
26956,0.08971113659487993,0.2535596211513404,0.6567292422537796
26957,0.23121360224127704,0.27904830598384744,0.4897380917748755
26958,0.042463100201098995,0.1876980591926333,0.7698388406062676
26959,0.011208527352290682,0.32059425128593405,0.6681972213617752
26960,0.013653093517833179,0.27596824377320817,0.7103786627089587
26961,0.020914107510252834,0.12889871155341073,0.8501871809363364
26962,0.01712793866197087,0.5288716985242283,0.45400036281380085
26963,0.10121269297215855,0.21696719065712616,0.6818201163707153
26964,0.014758490307818043,0.19115139591237812,0.7940901137798039
26965,0.012895863965795817,0.4124039144390172,0.574700221595187
26966,0.012834813107872219,0.17796570445545123,0.8091994824366766
26967,0.02186252399400386,0.08632258103019966,0.8918148949757966
26968,0.051815384925320875,0.20886945508958435,0.7393151599850947
26969,0.04708197344011515,0.27248819172083844,0.6804298348390464
26970,0.017203257539303938,0.21797340903716714,0.764823333423529
26971,0.08355787456070136,0.32476769357065427,0.5916744318686444
26972,0.011075727997099383,0.30365601595785263,0.685268256045048
26973,0.015114017113524949,0.14960039315407767,0.8352855897323973
26974,0.12945990325978096,0.17464019991445828,0.6958998968257608
26975,0.017333593965692104,0.10323961629219898,0.8794267897421089
26976,0.10662685157301552,0.8907487257549422,0.002624422672042152
26977,0.030554710930668298,0.15461788399737764,0.8148274050719541
26978,0.043878519646163856,0.15311919322642548,0.8030022871274105
26979,0.014575328143205937,0.39284138793048445,0.5925832839263095
26980,0.012298760905558604,0.12827040505952989,0.8594308340349116
26981,0.03007466229988444,0.45385597399394256,0.5160693637061731
26982,0.019606033326993934,0.29086724586595425,0.6895267208070519
26983,0.08237763667876766,0.19078801489589084,0.7268343484253416
26984,0.030586633376958553,0.10219850580908182,0.8672148608139597
26985,0.023921803442189266,0.4426060271312377,0.533472169426573
26986,0.01330078937740481,0.04712434590878039,0.9395748647138147
26987,0.014047319314785879,0.4466644715991733,0.5392882090860408
26988,0.09521701824695822,0.49845690493796596,0.40632607681507577
26989,0.009629348754204542,0.27311854156783655,0.7172521096779589
26990,0.04125775836240204,0.16012670884883476,0.7986155327887632
26991,0.012705879552917106,0.16178450516358378,0.8255096152834991
26992,0.04542538793666715,0.610246700844158,0.34432791121917483
26993,0.018041290309006565,0.2070863782836092,0.7748723314073842
26994,0.33611571638030646,0.11201646552852455,0.551867818091169
26995,0.009080446262800067,0.24728649759436755,0.7436330561428324
26996,0.010117248062354355,0.17130086693698138,0.8185818850006642
26997,0.07436183538112902,0.5016871746378136,0.42395098998105735
26998,0.05298998783553421,0.14278790651426587,0.8042221056502
26999,0.11395701161932185,0.27588957701963235,0.6101534113610456
27000,0.0618047046621353,0.48501535587140354,0.4531799394664611
27001,0.017950212480731555,0.27877029885361576,0.7032794886656526
27002,0.012204026869773626,0.17957809331269178,0.8082178798175347
27003,0.12926561126465475,0.2919012065853671,0.5788331821499781
27004,0.019298918167381395,0.15863210889034712,0.8220689729422714
27005,0.016991928511254185,0.27023456479961583,0.71277350668913
27006,0.05534535107773034,0.17331570606365812,0.7713389428586115
27007,0.026269786213561633,0.47660657379382526,0.4971236399926131
27008,0.11177257164130915,0.30046964116492914,0.5877577871937618
27009,0.0328272836888521,0.20919241134410926,0.7579803049670386
27010,0.06651946958298156,0.39168697719691514,0.5417935532201033
27011,0.021008625840039714,0.684421711370616,0.2945696627893443
27012,0.012108333268637831,0.07675043540975908,0.911141231321603
27013,0.05770871247822671,0.16696854919158538,0.7753227383301878
27014,0.0076853869273946045,0.4553343555022844,0.5369802575703209
27015,0.031278004772799455,0.517474606232003,0.45124738899519756
27016,0.04995672772694596,0.18398663086840034,0.7660566414046537
27017,0.03160821704745167,0.19133643421897223,0.7770553487335762
27018,0.05974616476131496,0.13842804934485495,0.8018257858938301
27019,0.016221848988568793,0.24506046459195013,0.7387176864194812
27020,0.040943637552632646,0.47568361598053516,0.4833727464668322
27021,0.07471843803038482,0.2902578147643428,0.6350237472052723
27022,0.007538748071143345,0.06191988957063578,0.9305413623582209
27023,0.17371977625070673,0.38817441188990515,0.43810581185938824
27024,0.007440655729010024,0.2304079327668944,0.7621514115040955
27025,0.014129894520751985,0.12841306912725414,0.8574570363519938
27026,0.031794078534805544,0.14722884260149902,0.8209770788636954
27027,0.05329879689234533,0.15299647520377793,0.7937047279038767
27028,0.10902929097945478,0.20377730914357356,0.6871933998769716
27029,0.011083989889031344,0.19366130458320693,0.7952547055277617
27030,0.08286236788444534,0.7294182983849277,0.18771933373062688
27031,0.3023853982210843,0.38118365854198855,0.31643094323692705
27032,0.06464318677472805,0.26649000709655096,0.668866806128721
27033,0.07577435608854535,0.11697938484046087,0.8072462590709937
27034,0.02014912665455007,0.09603863258304073,0.8838122407624094
27035,0.1481222740834116,0.2225265611814519,0.6293511647351365
27036,0.06672363276674453,0.14762013194386026,0.7856562352893952
27037,0.12652477220883193,0.2086090349159712,0.6648661928751968
27038,0.0990517116441086,0.20259262345035567,0.6983556649055358
27039,0.039394533593633915,0.317180502378834,0.6434249640275321
27040,0.012877805265386025,0.16652998779686443,0.8205922069377496
27041,0.008930531742937698,0.06501428218730027,0.9260551860697622
27042,0.16531197919090043,0.8322598802025936,0.002428140606505985
27043,0.04895935304203147,0.1510171245657089,0.8000235223922595
27044,0.010921165866537113,0.13115927370003874,0.8579195604334241
27045,0.006855092061740901,0.20717902565003907,0.7859658822882201
27046,0.015497946449067693,0.19325486595859026,0.7912471875923419
27047,0.030822871347803777,0.4408782654720439,0.5282988631801524
27048,0.1199589978852645,0.877454568244316,0.002586433870419554
27049,0.10442326576834217,0.6224734271333355,0.2731033070983223
27050,0.0103892712252443,0.14211112028942863,0.847499608485327
27051,0.010462808366125398,0.2588373314146693,0.7306998602192051
27052,0.008773376622590427,0.09979473219280717,0.8914318911846024
27053,0.004134520902107169,0.23239718619385785,0.763468292904035
27054,0.1272457638701413,0.2185707660236882,0.6541834701061707
27055,0.08572111441514485,0.9121090788651398,0.002169806719715381
27056,0.0863570203125726,0.9110285553938925,0.0026144242935349504
27057,0.0060658887125656005,0.21477770528646659,0.7791564060009678
27058,0.024067482023789524,0.2375083479441742,0.7384241700320362
27059,0.0398562677394749,0.12908442054845196,0.8310593117120729
27060,0.012443808021934004,0.16442606969361034,0.8231301222844557
27061,0.1785565681759891,0.24158727157684215,0.5798561602471688
27062,0.02101981841286553,0.23483869470577043,0.7441414868813641
27063,0.06508058988439201,0.1482005245982118,0.786718885517396
27064,0.005497153364684072,0.021302119715061706,0.9732007269202542
27065,0.009623977352785541,0.3967760063723701,0.5936000162748444
27066,0.005095765587474986,0.06694067524906872,0.9279635591634564
27067,0.010163236067561776,0.3286716555934008,0.6611651083390375
27068,0.14957467823091436,0.24521086264469802,0.6052144591243876
27069,0.012876972943847863,0.14143746204445165,0.8456855650117004
27070,0.05760878417453994,0.15364265157506402,0.7887485642503961
